# id	file_path	transparent_color_r	g	b
[TEXTURES]
30	Resources\map\map3\tileset.png	255	255	255
10	textures\simon.png	116	116	116
20	textures\ItemsObjects.png	116	116	116
21	textures\Enemies.png	116	116	116
22	textures\Enemies2.png	116	116	116
23	textures\brickmove.png	255	255	255

#Map
[MAP]
30	Resources\map\map3\tileset.txt

# id	left	top	right	bottom	texture_id
[SPRITES]
#Idle 					
20001	803	22	819	52	10
#Walk					
20002	831	22	847	52	10
20003	848	21	860	52	10
20004	865	22	880	52	10
#Jump					
20005	886	22	902	45	10
#Ascend					
20006	956	22	971	53	10
20007	973	21	985	52	10
#Descend					
20008	1013	22	1029	53	10
20009	1030	21	1042	52	10
#Hurt					
20010	1077	24	1093	53	10
#Death					
20011	1110	24	1126	45	10
20012	1127	22	1159	37	10
#Intro					
20013	1164	21	1180	53	10
#Colors					
20014	1208	22	1224	52	10
20015	1225	22	1241	52	10
20016	1242	22	1258	52	10
20017	1259	22	1275	52	10
20018	1276	22	1292	52	10
#Idle					
20019	785	22	801	52	10
#Walk					
20020	757	22	773	52	10
20021	744	21	756	52	10
20022	724	22	739	52	10
#Jump					
20023	702	22	718	45	10
#Ascend					
20024	633	22	648	53	10
20025	619	21	631	52	10
#Descend					
20026	575	22	591	53	10
20027	562	21	574	52	10
#Hurt					
20028	511	24	527	53	10
#Death					
20029	478	24	494	45	10
20030	445	22	477	37	10
#Intro					
20031	1164	21	1176	53	10
#Colors					
20032	380	22	396	52	10
20033	363	22	379	52	10
20034	346	22	362	52	10
20035	329	22	345	52	10
20036	312	22	328	52	10

#torch
10001	175	1	191	33	20
10002	192	1	208	33	20

#heart							
10003	27	1	43	17	20	16	16
#whip							
10004	1	1	17	17	20	16	16
#dagger							
10005	1	18	17	34	20	16	16
#moneybag							
10006	44	1	60	17	20	16	16



#standing
20040	803	79	827	109	10
20041	828	79	844	109	10
20042	847	80	869	109	10
20043	872	80	894	109	10
20044	897	80	919	109	10
20045	922	80	944	109	10
#ducking  left					
20046	949	79	973	102	10
20047	974	79	990	102	10
20048	993	80	1015	102	10
20049	1018	80	1040	102	10
20050	1043	80	1065	102	10
20051	1068	80	1090	102	10
#ascend left					
20052	1095	79	1119	110	10
20053	1120	79	1136	110	10
20054	1139	80	1161	110	10
20055	1164	80	1186	110	10
20056	1189	80	1211	110	10
20057	1214	80	1236	110	10
#descend left					
20058	1214	79	1238	110	10
20059	1266	79	1282	110	10
20060	1285	80	1307	110	10
20061	1310	80	1332	110	10
20062	1335	80	1357	110	10
20063	1360	80	1382	110	10
#standing right					
20064	777	79	801	109	10
20065	760	79	776	109	10
20066	735	80	757	109	10
20067	710	80	732	109	10
20068	685	80	707	109	10
20069	660	80	682	109	10
#ducking right					
20070	631	79	655	102	10
20071	614	79	630	102	10
20072	589	80	611	102	10
20073	564	80	586	102	10
20074	539	80	561	102	10
20075	514	80	536	102	10
#ascend right					
20076	485	79	509	110	10
20077	468	79	484	110	10
20078	443	80	465	110	10
20079	418	80	440	110	10
20080	393	80	415	110	10
20081	369	80	391	110	10
#descend right					
20082	339	79	363	110	10
20083	322	79	338	110	10
20084	297	80	319	110	10
20085	272	80	294	110	10
20086	247	80	269	110	10
20087	222	80	244	110	10
#whip1 left					
20088	803	477	811	509	10
20089	812	477	828	501	10
20090	829	477	853	493	10
#whip1 right					
20091	793	477	801	509	10
20092	776	477	792	501	10
20093	751	477	775	493	10
#whip2 left					
20094	854	485	862	509	10
20095	863	485	871	509	10
20096	872	485	880	509	10
20097	881	485	889	509	10
20098	890	482	906	501	10
20099	907	482	923	501	10
20100	924	482	940	501	10
20101	941	482	957	501	10
20102	958	487	982	493	10
20103	983	487	1023	493	10
20104	1024	487	1064	493	10
20105	1065	487	1105	493	10
20106	1106	487	1146	493	10
#whip2 right					
20107	742	485	750	509	10
20108	733	485	741	509	10
20109	724	485	732	509	10
20110	715	485	723	509	10
20111	698	482	714	501	10
20112	681	482	697	501	10
20113	664	482	680	501	10
20114	647	482	663	501	10
20115	622	487	646	493	10
20116	581	487	621	493	10
20117	549	487	589	493	10
20118	499	487	539	493	10
20119	458	487	498	493	10

#heart							
10003	27	1	43	17	20
#whip							
10004	1	1	17	17	20
#dagger							
10005	1	18	17	34	20
#moneybag							
10006	44	1	60	17	20
#candle					
10007	157	1	165	17	20
10015	166	1	174	17	20
#heartsmall					
10008	18	1	26	17	20
				
#Boomberang					
10009	69	18	85	34	20
10010	52	18	68	34	20
10111	86	18	102	34	20
#crown					
10011	69	35	85	51	20
10012	86	35	102	51	20
10013	103	35	119	51	20
10014	120	35	136	51	20
#BlackKnight					
30001	399	29	415	60	21
30002	416	28	432	60	21
30003	433	29	449	60	21
#KnightRight					
30009	59	29	75	60	22
30010	42	28	58	60	22
30011	25	29	41	60	22

#BatLEFT					
30005	254	11	270	27	21
30006	271	11	287	27	21
30007	288	11	304	27	21
#BatRight
30012	204	11	220	27	22
30013	187	11	203	27	22
30014	170	11	186	27	22
#BatIdle					
30008	237	11	253	27	21
#brickmove
30020	0	0	32	8	23

# ani_id	sprite1_id	time1	sprite2_id	time2	...
[ANIMATIONS]

#idle
700	20001	100
701	20002	100	20003	100	20004	200
702	20005	10000
703	20006	100	20007	100
704	20008	300	20009	300
705	20010	100
706	20011	100	20012	100
707	20013	100
708	20014	100	20015	100	20016	100	20017	100	20018	100
709	20019	100
710	20020	100	20021	100	20022	100
711	20023	10000
712	20024	300	20025	300
713	20026	300	20027	300
714	20028	100
715	20029	100	20030	100
716	20031	100
717	20032	100	20033	100	20034	100	20035	100	20036	100
718	20024	300
719	20026	300
720	20008	300

#brick
800	50000	1000
#torch
801	10001	300	10002	300
#heart
802	10003	300
#whip
803	10004	300
#dagger
804	10005	300
#moneybag
805	10006	300
#candle
806	10007	100	10015	100
#heartsmall					
807	10008	100
#axe
808	10009	100	10010	100
#crown					
809	10011	100	10012	100	10013	100	10014	100
#BlackKnight					
810	30001	400	30002	400	30003	400
#BatLEFT					
811	30005	100	30006	100	30007	100
#BATRIGHT
814	30012	100	30013	100	30014	100

#BatIdle					
812	30008	100
#KnightRIGHT	
813	30009	400	30010	400	30011	400
#brickmove
820	30020	100
#boomber
816	10009	100
#boomberang
850	10009	100	10010	100	10111	100

#standing left
720	20040	100	20041	100	20042	100	20043	100	20044	100	20045	200
#ducking left
721	20046	100	20047	100	20048	100	20049	100	20050	100	20051	200
#ascend left
722	20052	100	20053	100	20054	100	20055	100	20056	100	20057	200
#desend left
723	20058	100	20059	100	20060	100	20061	100	20062	100	20063	200
#standing right
724	20064	100	20065	100	20066	100	20067	100	20068	100	20069	200
#ducking right
725	20070	100	20071	100	20072	100	20073	100	20074	100	20075	200
#ascend right
726	20076	100	20077	100	20078	100	20079	100	20080	100	20081	200
#descend right
727	20082	100	20083	100	20084	100	20085	100	20086	100	2008	200
#whip1 left
728	20088	100	20089	100	20090	200
#whip1 right
729	20091	2000	20092	2000	20093	2000
#whip 2 left
730	20094	250	20095	250	20096	250	20097	250	20098	250	20099	250	20100	250	20101	250	20102	250	20103	250	20104	250	20105	250	20106	250
#whip 2 right
731	20107	250	20108	250	20109	250	20110	250	20111	250	20112	250	20113	250	20114	250	20115	250	20116	250	20117	250	20118	250	20119	250


#
# id	ani1	ani2	ani3
#
[ANIMATION_SETS]

#simon
2	700	701	702	703	704	705	706	707	708	709	710	711	712	713	714	715	717	720	721	722:19	723	724	725	726	727	718	719	1720

#brick
3	800
#torch
4	801
#whip
5	728	729	730	731
#item
6	802	803	804	805
#bat
7	812	811	814
#knight
8	810	813
#candle
9	806
#brickmove
10	820

#Boomberang
30	850

[OBJECTS]
# Id	type	x	y	ani_set_id	extra_settings per object type
# type:  1 = Brick, 2 = Torch,  4=simon, 3= whip, 5=Item, 6=stairtop, 7=stairbot, 8=bat,9=knight, 10=candle, 11= brickmove
#simon
0	4	450	30	2
#bat
100	8	298	16	7	380	412	30	60
#knight
201	9	318	114	8	318	342
202	9	120	48	8	120	148

# BRICK 
101	1	0	0	3
102	1	480	0	3
103	1	496	0	3
104	1	0	16	3
105	1	480	16	3
106	1	496	16	3
107	1	480	32	3
108	1	496	32	3
109	1	480	48	3
110	1	496	48	3
111	1	480	64	3
112	1	496	64	3
113	1	0	80	3
114	1	16	80	3
115	1	96	80	3
116	1	112	80	3
117	1	128	80	3
118	1	144	80	3
119	1	192	80	3
120	1	208	80	3
121	1	224	80	3
122	1	240	80	3
123	1	256	80	3
124	1	272	80	3
125	1	352	80	3
126	1	368	80	3
127	1	384	80	3
128	1	400	80	3
129	1	416	80	3
130	1	432	80	3
131	1	480	80	3
132	1	496	80	3
133	1	0	96	3
134	1	128	96	3
135	1	144	96	3
136	1	224	96	3
137	1	240	96	3
138	1	256	96	3
139	1	352	96	3
140	1	368	96	3
141	1	480	96	3
142	1	496	96	3
143	1	0	112	3
144	1	64	112	3
145	1	80	112	3
146	1	128	112	3
147	1	144	112	3
148	1	224	112	3
149	1	240	112	3
150	1	256	112	3
151	1	288	112	3
152	1	304	112	3
153	1	352	112	3
154	1	368	112	3
155	1	464	112	3
156	1	480	112	3
157	1	496	112	3
158	1	0	128	3
159	1	128	128	3
160	1	144	128	3
161	1	224	128	3
162	1	240	128	3
163	1	256	128	3
164	1	352	128	3
165	1	368	128	3
166	1	480	128	3
167	1	496	128	3
168	1	0	144	3
169	1	128	144	3
170	1	144	144	3
171	1	224	144	3
172	1	240	144	3
173	1	256	144	3
174	1	320	144	3
175	1	336	144	3
176	1	352	144	3
177	1	368	144	3
178	1	480	144	3
179	1	496	144	3
180	1	0	160	3
181	1	128	160	3
182	1	144	160	3
183	1	224	160	3
184	1	240	160	3
185	1	256	160	3
186	1	480	160	3
187	1	496	160	3
188	1	0	176	3
189	1	128	176	3
190	1	144	176	3
191	1	224	176	3
192	1	240	176	3
193	1	480	176	3
194	1	496	176	3
195	1	456	112	3


#stair
# Id	type	x	y	ani_set_id	nx
170	6	442	84	-1	1	
#171	7	104	169	-1	1
#172	7	72	78	-1	1

#whip
30	3	0	0	5

#candle
31	10	460	12	9	51
32	10	398	12	9	52
33	10	328	12	9	53
34	10	268	12	9	54
35	10	100	16	9	55
36	10	140	12	9	56
36	10	74	12	9	57

#item
51	5	460	12	6	0
52	5	398	12	6	0
53	5	328	12	6	0
54	5	268	12	6	0
55	5	100	12	6	0
56	5	140	12	6	0
57	5	74	12	6	0

#brickmove
1001	11	32	80	10	32	63

# --- SCENE PORTAL ----
#ID	 type	l	t	ani_set_id	r	b	scene_id
550	50	0	32	0	16	82	4

